43597
51708
15432
230
15312
37609
27812
22596
40851
23741
22737
44650
42838
7182
60376
48103
55372
44450
10052
23516
33011
42405
64812
50559
54146
34905
22030
31634
63410
54895
12989
33280
10357
9232
23702
45363
13920
47393
23207
44586
47804
40834
55325
1141
2898
12572
29360
40331
34979
6229
7773
48815
14644
47400
14618
23791
10673
21814
52599
58622
44148
10425
53440
7200
6288
46686
51190
63237
59945
31902
51685
50445
20702
9347
23282
55418
3738
43030
58459
35021
40595
597
17310
37409
39585
17333
2814
5391
14841
47368
59599
58573
8362
34717
23443
5857
61563
21646
25661
32659
39690
24284
35218
43501
10160
51331
59022
2130
54999
35340
36197
21909
32118
58098
39027
3103
59286
46968
23846
17287
42237
42597
23144
23389
2399
12136
24300
28073
26128
49398
43983
19313
45124
13147
24610
39825
20748
6747
37257
54885
50469
30527
8329
10706
53058
65289
35647
38645
14657
11271
60117
49110
46268
17139
34293
11718
11034
60194
18437
19225
23966
53907
16814
45778
53400
29357
38382
53482
44711
36139
53028
29751
15218
35439
11419
59931
1408
61296
41443
27148
54844
39413
51559
1591
17103
2585
12885
29911
10687
28760
10758
58922
40291
31732
21121
45768
4961
32393
7395
6260
56014
43915
10127
62948
5838
19759
53108
41812
57154
18542
12622
43954
56873
18276
52865
29567
17317
12464
59483
21784
19814
3061
65395
38994
50698
13106
17055
906
50860
22241
54566
53400
63004
52161
56627
11940
24271
15667
9689
27984
29734
57897
41475
39894
51784
58773
21302
6660
30390
51638
32413
65489
48182
8208
59536
44199
4125
15070
10521
30643
19027
16363
28355
47375
55864
50417
65282
63050
43492
25258
63591
18031
17478
16920
49571
18384
17172
57213
54324
44921
48069
11263
21047
23811
43327
62142
59085
26622
20105
19443
38852
9350
32792
55613
26710
7488
12686
9549
26551
22475
46770
30598
9600
26692
52539
42361
41338
18205
51931
22869
61166
5077
36117
6378
44184
56950
63570
19942
38195
51729
46607
8395
12356
54060
20670
9689
43699
55210
62470
26955
10794
10428
47726
8149
18476
38199
9233
11455
33284
293
48474
24877
15301
61747
7843
9231
54865
64430
55006
28690
24011
34715
59842
24848
34322
15101
50722
1343
16785
44605
51394
46033
60050
35286
58423
45843
7182
57122
5185
43013
19326
64509
9303
53372
34096
62644
41571
56306
22229
55032
51656
52802
44039
48514
52356
28330
52620
33978
14935
40325
45364
34755
52439
34672
42197
53368
38255
5751
7749
26362
17328
33920
4967
46119
57656
24244
56299
8289
12665
13240
57676
35685
45125
9915
39984
56560
38778
37817
55292
38613
7103
13918
26905
64060
16132
139
24526
22823
53014
10313
60252
38253
56229
23283
12052
32084
43937
25814
2078
46605
55920
44501
28249
41936
15286
25819
42957
20607
46474
4477
56479
43698
50724
1337
54172
45639
36976
4245
19865
49938
21539
15412
55857
19587
14017
40732
21297
60456
25866
53758
55173
15159
21624
51137
738
15068
23679
54766
53005
23120
58323
36945
36532
43748
61653
27207
33446
13181
23138
14903
55515
5268
222
10389
21471
37443
5121
61484
16464
18682
16734
53498
51358
5613
55198
9895
41952
17403
9188
12026
48946
43830
5927
28825
132
55927
12734
7831
63827
29143
47356
20107
7953
18612
55100
25810
26794
13396
52909
35383
31860
35736
17551
40668
37585
17069
39430
1306
63266
32108
39648
58261
30204
13013
42633
31922
54125
17707
5503
54049
37538
50192
35570
43850
22483
50602
16439
47270
8678
58525
7005
22689
39319
24584
38197
4743
2970
41797
29221
25031
4382
35647
3587
19894
57871
43201
15010
31720
13543
30907
19596
49371
1303
44806
5706
31231
43298
15454
553
64631
4324
20203
51691
10650
35126
46153
9253
21833
59570
26299
7677
28452
61365
47957
20039
9864
98
20133
571
9831
10391
1820
27972
43467
875
2587
37390
28729
59572
28908
27684
27305
39642
42894
3184
33414
31963
20245
10509
19556
57149
2600
44883
50211
8704
62053
26350
53304
63142
27491
43964
64041
40784
20927
51978
51991
31285
64665
5390
37051
51768
27685
13904
490
33231
13055
49982
38260
54184
61351
62476
13224
40943
29343
40173
52711
7450
16892
18523
61646
43697
65331
41889
28912
56099
7638
57952
16411
60050
21523
27029
28083
64165
38419
38721
30861
10883
18050
19931
55184
38111
30326
37967
59647
12344
40970
63690
627
48616
42880
59369
56824
22246
12489
6135
5935
41062
29073
55810
22134
25041
46023
17956
27621
43140
14712
3666
16594
8024
16836
24824
47253
63341
38653
54183
26883
8304
30996
19292
21595
30694
29743
21707
23008
39844
62327
16594
1027
46017
14950
39166
21280
36379
7425
27437
34532
63797
61520
25346
7744
20545
385
24943
64317
30323
37500
1831
64655
7934
12291
37827
26491
45295
56869
16865
8446
36266
26188
28110
12832
9522
15437
61905
10363
28704
20603
9675
5694
60224
31064
22856
52212
36773
19237
50232
11956
62164
31671
13497
38736
26755
49309
60677
1699
51719
14942
33939
51432
16772
27704
22657
14792
59423
51720
25212
40291
10686
35008
46974
5043
9624
30345
39668
13298
52304
45421
62312
51468
25017
33723
3518
59221
38149
1803
22603
23117
21799
24500
2219
28709
21494
64813
15357
60344
14425
50783
59812
25922
27052
3471
8934
25189
13292
38047
22020
46969
34904
29193
14376
25260
34847
53149
16037
38312
16919
61370
11288
24654
63490
45796
47411
48894
61283
45123
12608
19741
19499
28262
28841
43298
62501
8252
56697
38663
45036
39833
4096
2130
3337
52288
10673
37570
17248
22336
37763
14296
6662
16446
43140
9351
31703
23440
56904
47444
52794
65241
20666
29829
54113
27838
19132
33214
51344
49426
58944
49427
55186
59452
11859
4903
56270
20625
8515
60601
57021
19733
29105
29328
47103
31026
12408
14999
35379
8767
28665
57708
47711
49332
6333
51155
50003
46552
18691
58005
25646
52661
49553
46334
4211
52883
45989
31439
56349
43346
13090
40615
62952
36571
9827
52520
59710
20762
42982
63633
38592
30562
56864
11206
2451
24870
39164
6957
61424
44339
58281
30204
41405
63620
55752
22369
55297
25973
45624
9382
50784
23640
11406
12480
25741
40804
35396
46644
52019
18506
30466
62119
30221
9043
52538
17388
38626
19757
58115
12528
61892
5029
63485
59950
46634
6396
